5 100 2
0.907348 0.864237 0.004434 0.875091 0.193111
0.750369 0.579886 0.641690 0.000964 0.230016
0.572795 0.576557 0.545864 0.268049 0.159653
0.037953 0.609733 0.249452 0.861521 0.560830
0.127521 0.405275 0.808564 0.844643 0.790003
0.810588 0.432235 0.316725 0.221203 0.952116
0.866680 0.128551 0.816352 0.871114 0.003642
0.009463 0.621483 0.583529 0.651154 0.622447
0.813545 0.223949 0.199003 0.359409 0.491998
0.358656 0.397362 0.101731 0.608108 0.258883
0.662561 0.735628 0.664158 0.471125 0.580271
0.454162 0.281712 0.012506 0.770886 0.502915
0.964622 0.637566 0.631466 0.780974 0.508680
0.635108 0.790437 0.130163 0.218637 0.441591
0.752610 0.032182 0.665540 0.951613 0.391591
0.157537 0.310269 0.788953 0.259268 0.918377
0.047836 0.921829 0.654005 0.711994 0.392954
0.234277 0.166156 0.674666 0.246783 0.937042
0.177581 0.211405 0.574608 0.809048 0.992379
0.083288 0.444156 0.782816 0.213451 0.662793
0.224407 0.966061 0.694975 0.889947 0.917674
0.086566 0.047484 0.227943 0.875519 0.306753
0.146320 0.923355 0.228582 0.800325 0.635349
0.621536 0.034601 0.801505 0.296202 0.281384
0.738548 0.473784 0.492789 0.313156 0.282831
0.485168 0.396444 0.726988 0.267984 0.609896
0.389781 0.492391 0.575956 0.084756 0.382338
0.493630 0.171322 0.429822 0.721573 0.046840
0.736575 0.867892 0.970195 0.965157 0.668217
0.605544 0.586693 0.702818 0.407050 0.882895
0.984203 0.145597 0.356678 0.476991 0.458753
0.639510 0.962159 0.855197 0.366497 0.230143
0.465093 0.756278 0.722534 0.041049 0.841034
0.104872 0.534679 0.012356 0.534694 0.256252
0.059196 0.271269 0.124144 0.029391 0.236425
0.792361 0.634935 0.823118 0.495179 0.041984
0.706013 0.479382 0.187581 0.062691 0.956373
0.646334 0.702201 0.918532 0.501532 0.068698
0.148675 0.966625 0.824976 0.871208 0.007674
0.666010 0.976080 0.542354 0.678366 0.510774
0.798605 0.737561 0.782043 0.922749 0.766952
0.018468 0.715110 0.401887 0.841586 0.210290
0.443871 0.547599 0.689672 0.631453 0.610290
0.646045 0.277787 0.312491 0.564577 0.779319
0.381189 0.713251 0.745944 0.206165 0.584459
0.753618 0.872176 0.560540 0.295972 0.550541
0.071314 0.094577 0.288103 0.853357 0.017327
0.055055 0.871825 0.732437 0.456942 0.713411
0.942727 0.900813 0.261010 0.632398 0.532265
0.871300 0.278443 0.810053 0.183791 0.843019
0.589372 0.564980 0.556270 0.335316 0.771146
0.140730 0.088934 0.643321 0.701270 0.384906
0.193863 0.772583 0.479483 0.481965 0.625940
0.496810 0.537020 0.497765 0.229247 0.993961
0.211176 0.171974 0.894774 0.472186 0.804372
0.427040 0.343487 0.082815 0.237092 0.527278
0.925835 0.826464 0.092259 0.482105 0.161779
0.863405 0.622835 0.250713 0.506726 0.324104
0.635619 0.700588 0.096688 0.115102 0.182553
0.722627 0.611912 0.719573 0.220392 0.841159
0.713535 0.431568 0.013133 0.608309 0.903755
0.817505 0.035348 0.247242 0.900320 0.272440
0.774520 0.826155 0.098904 0.866779 0.308260
0.260683 0.730183 0.931095 0.511397 0.236909
0.255199 0.147016 0.937497 0.351887 0.262118
0.120051 0.074514 0.874030 0.839624 0.294907
0.715189 0.553159 0.726475 0.728322 0.161468
0.630230 0.545828 0.196816 0.877472 0.446148
0.469257 0.651992 0.272303 0.568161 0.518771
0.580563 0.828844 0.248954 0.511658 0.340241
0.485863 0.766857 0.487257 0.423361 0.118744
0.749375 0.543412 0.193258 0.623405 0.383036
0.488165 0.338594 0.936195 0.214640 0.066916
0.097663 0.844870 0.612744 0.294479 0.722341
0.058892 0.763736 0.374333 0.331194 0.331897
0.893104 0.911757 0.160741 0.142058 0.423415
0.500982 0.627921 0.190272 0.988239 0.051282
0.309016 0.737613 0.594694 0.502274 0.361018
0.977730 0.990439 0.699612 0.913926 0.205079
0.766528 0.011589 0.049949 0.379272 0.306068
0.772290 0.438163 0.069804 0.146624 0.769358
0.401701 0.039727 0.681115 0.562442 0.181786
0.104530 0.063424 0.809707 0.294802 0.051663
0.860989 0.603818 0.789277 0.455683 0.106093
0.150295 0.433414 0.096532 0.849907 0.347339
0.301611 0.616435 0.358928 0.351560 0.995706
0.664996 0.123850 0.433870 0.734800 0.270473
0.203227 0.136501 0.310201 0.884342 0.698943
0.491986 0.988872 0.762367 0.301693 0.283674
0.814030 0.162683 0.887493 0.603307 0.618366
0.993585 0.753602 0.051779 0.090117 0.603509
0.399118 0.391728 0.219944 0.758046 0.743287
0.215650 0.423042 0.867137 0.649520 0.157842
0.137610 0.852747 0.294342 0.447811 0.737089
0.993285 0.939798 0.725961 0.755652 0.241491
0.009636 0.569683 0.404173 0.897128 0.172990
0.022539 0.890714 0.926592 0.074319 0.980831
0.530101 0.473437 0.372558 0.750045 0.231483
0.115846 0.965695 0.654525 0.982983 0.615215
0.812367 0.120593 0.467962 0.106709 0.568405
